success
loss:[1.0179502964019775, 0.6859478950500488, 0.6035541296005249, 0.6627830266952515, 0.4369240701198578, 0.22367851436138153, 0.12402911484241486, 0.09625931084156036, 0.06802817434072495, 0.05462028086185455]
sparse_categorical_accuracy:[0.783758282661438, 0.6033994555473328, 0.6043437123298645, 0.6487252116203308, 0.7507082223892212, 0.9046270251274109, 0.9735599756240845, 0.9839470982551575, 0.9896128177642822, 0.9858356714248657]
