success
loss:[1.8261878490447998, 1.0045337677001953, 0.6156244277954102, 0.42186611890792847, 0.38446563482284546]
sparse_categorical_accuracy:[0.4537000060081482, 0.6984000205993652, 0.8130999803543091, 0.8726999759674072, 0.8779000043869019]
