success
loss:[0.9378334879875183, 0.6094233393669128, 0.47437262535095215, 0.1558104157447815, 0.08164974302053452, 0.04371059685945511, 0.04582396149635315, 0.03643680736422539, 0.03428037464618683, 0.028420645743608475]
sparse_categorical_accuracy:[0.7659574747085571, 0.6475485563278198, 0.7937095165252686, 0.9426456689834595, 0.9713228344917297, 0.9916743636131287, 0.9907492995262146, 0.9925994277000427, 0.9953746795654297, 0.9953746795654297]
